3
8
12
17
37
48
68
82
82
93
93
107
110
115
162
168
187
189
202
205
210
217
224
228
238
244
245
247
257
257
266
266
268
274
279
282
306
314
339
341
351
364
366
375
404
405
415
415
419
431
439
454
468
473
486
490
501
513
535
540
548
550
553
556
558
575
577
585
586
589
596
619
622
628
647
658
672
672
673
673
689
714
722
725
742
752
762
764
771
778
783
787
792
792
808
808
819
819
824
861
863
867
888
898
902
906
929
939
950
959
963
964
978
979
979
989
991
996
1018
1032
1044
1058
1063
1086
1089
1093
1098
1099
1112
1118
1121
1122
1122
1131
1145
1197
1209
1222
1223
1231
1257
1285
1289
1304
1319
1332
1333
1341
1353
1374
1418
1425
1440
1449
1459
1473
1483
1487
1487
1508
1530
1534
1534
1535
1547
1558
1560
1568
1570
1610
1627
1631
1631
1633
1646
1658
1659
1668
1677
1679
1680
1686
1695
1699
1709
1721
1766
1786
1789
1800
1813
1818
1820
1837
1860
1886
1890
1892
1902
1906
1913
1938
1950
1961
1961
1967
1977
1983
1987
1992
1996
1998
2006
2008
2023
2039
2040
2053
2068
2068
2090
2098
2103
2119
2122
2137
2138
2143
2153
2172
2177
2177
2190
2193
2199
2203
2227
2252
2302
2306
2324
2347
2355
2359
2372
2373
2375
2385
2394
2404
2407
2409
2425
2430
2435
2436
2438
2439
2464
2474
2483
2508
2523
2523
2553
2562
2589
2589
2624
2625
2627
2640
2643
2666
2676
2690
2697
2712
2714
2734
2735
2735
2741
2758
2770
2810
2811
2822
2831
2838
2845
2859
2870
2894
2904
2904
2918
2920
2945
2956
2991
3005
3021
3025
3027
3028
3028
3038
3040
3045
3049
3058
3062
3076
3084
3090
3098
3105
3108
3114
3115
3129
3148
3159
3167
3185
3190
3191
3211
3225
3230
3231
3233
3246
3258
3266
3280
3292
3294
3312
3315
3316
3337
3339
3365
3384
3390
3390
3410
3418
3422
3422
3434
3439
3448
3451
3452
3454
3460
3471
3472
3500
3506
3522
3527
3536
3540
3557
3566
3576
3586
3589
3593
3615
3616
3618
3623
3631
3658
3659
3665
3677
3680
3705
3707
3719
3731
3735
3748
3761
3764
3792
3794
3797
3801
3815
3816
3828
3862
3866
3878
3880
3887
3889
3902
3913
3962
3976
3979
4000
4006
4033
4072
4072
4079
4094
4101
4119
4136
4162
4165
4176
4187
4188
4207
4215
4217
4242
4245
4245
4304
4304
4316
4322
4323
4334
4336
4344
4344
4345
4351
4353
4364
4394
4396
4412
4423
4433
4437
4440
4455
4464
4476
4480
4482
4516
4517
4542
4547
4568
4577
4582
4591
4592
4616
4624
4653
4669
4669
4670
4672
4672
4691
4696
4713
4718
4720
4724
4726
4731
4734
4741
4746
4757
4761
4797
4801
4805
4806
4820
4826
4836
4851
4857
4870
4872
4875
4880
4882
4889
4892
4893
4897
4905
4914
4920
4944
4964
4980
5039
5056
5057
5062
5105
5128
5144
5155
5160
5182
5199
5206
5223
5229
5243
5255
5260
5263
5265
5272
5273
5298
5299
5300
5312
5317
5319
5324
5335
5352
5353
5383
5395
5408
5413
5417
5422
5481
5506
5558
5597
5602
5604
5605
5608
5613
5625
5632
5634
5648
5663
5674
5674
5676
5685
5688
5690
5691
5694
5700
5705
5705
5706
5716
5718
5724
5726
5773
5788
5788
5789
5807
5807
5821
5825
5827
5840
5853
5862
5868
5874
5887
5931
5933
5956
5956
5957
5959
5976
5979
5980
6058
6066
6074
6080
6083
6084
6090
6093
6093
6101
6116
6133
6142
6143
6149
6159
6169
6175
6186
6204
6218
6241
6245
6270
6277
6284
6287
6295
6303
6318
6328
6332
6336
6337
6346
6352
6366
6370
6384
6391
6415
6426
6427
6432
6463
6468
6477
6484
6487
6487
6488
6494
6500
6529
6545
6556
6560
6561
6562
6566
6571
6577
6579
6583
6595
6611
6617
6637
6656
6671
6688
6691
6717
6725
6727
6728
6737
6739
6831
6843
6844
6844
6850
6857
6861
6868
6868
6871
6877
6890
6898
6899
6914
6921
6933
6936
6952
6956
6960
6967
6969
6972
6976
6990
7024
7031
7037
7045
7046
7056
7077
7093
7110
7111
7133
7162
7169
7199
7241
7249
7261
7268
7271
7288
7308
7310
7323
7330
7338
7340
7342
7351
7357
7364
7369
7387
7410
7419
7421
7423
7424
7427
7430
7433
7436
7438
7441
7446
7447
7450
7467
7472
7488
7524
7547
7562
7568
7573
7578
7582
7586
7610
7621
7625
7625
7657
7665
7689
7709
7710
7713
7727
7728
7736
7741
7749
7750
7773
7773
7774
7798
7801
7801
7804
7817
7834
7837
7856
7869
7871
7911
7912
7918
7922
7958
7960
7960
7963
7967
7974
7976
7991
7994
8001
8013
8022
8039
8043
8056
8060
8069
8073
8080
8085
8090
8131
8133
8136
8142
8186
8195
8209
8227
8230
8239
8239
8243
8257
8279
8292
8303
8311
8327
8330
8332
8347
8363
8364
8376
8385
8386
8400
8405
8406
8427
8436
8458
8460
8465
8467
8486
8486
8509
8537
8537
8540
8544
8549
8553
8554
8567
8587
8590
8608
8616
8638
8645
8681
8688
8694
8697
8711
8713
8715
8730
8733
8760
8765
8794
8795
8795
8795
8835
8842
8846
8849
8851
8852
8859
8863
8868
8870
8880
8890
8897
8897
8924
8931
8934
8938
8953
8954
8968
8982
8999
9011
9019
9038
9048
9061
9074
9087
9099
9110
9122
9131
9148
9161
9162
9163
9173
9173
9179
9183
9209
9212
9214
9237
9269
9278
9286
9349
9358
9379
9390
9408
9413
9432
9433
9435
9438
9442
9451
9452
9457
9461
9466
9475
9477
9491
9494
9498
9502
9516
9519
9523
9552
9557
9557
9562
9564
9566
9575
9578
9593
9596
9628
9634
9638
9641
9642
9644
9654
9672
9725
9726
9739
9741
9752
9754
9757
9763
9798
9809
9813
9832
9833
9834
9845
9853
9856
9861
9864
9872
9889
9894
9927
9928
9948
9957
9975
9979
9980
9984
9987
9989
9993
