5057
7728
2627
2324
6270
7421
9672
2666
7963
3586
8544
405
586
9578
3410
8131
7446
2407
3815
7330
6427
8
7741
7438
2023
7871
5789
7433
6890
1998
5690
6656
4892
9358
2193
6332
5825
4323
9575
1093
7387
2589
808
5840
9642
2404
6717
3280
6303
9466
9564
6529
2053
6175
9161
1425
714
7856
9519
7340
6850
3191
9498
4351
6426
1304
5773
1319
4364
7472
867
9163
5700
2523
6556
2252
5056
3618
9502
5352
672
4336
8364
4316
5807
7424
5821
5299
4353
1197
7773
8195
7342
558
6058
8795
4718
5868
110
3615
2347
8931
792
4464
7467
9757
9162
553
1483
9269
6843
3230
9038
5265
722
9061
8730
7077
7911
6093
1099
3231
9173
4672
5648
3735
4670
2068
282
3454
742
6284
1530
4433
5705
8688
1487
5688
4072
7423
8405
4136
1818
8467
7713
7046
9833
8239
2697
1902
1631
9557
6066
1570
4761
6936
1789
9408
9494
1257
314
2474
6487
3719
415
6295
5956
3794
6560
4423
3021
7037
577
8711
8537
9491
9928
4616
5481
7133
9087
6391
959
1374
2918
8227
2735
1987
4591
1886
6204
9593
3076
5199
4476
1786
8553
7447
9074
5408
9975
6277
8835
4805
5300
8694
3451
3593
9173
1098
6090
5931
6933
3792
3557
6868
419
4820
1508
6186
8363
9752
468
5862
4857
3315
8968
4826
3084
9278
9477
4245
8133
1680
787
628
4964
268
7338
5694
1938
189
431
2483
4006
2103
556
257
8842
5413
6595
5206
8616
2119
5263
3976
4334
8085
7586
3866
2831
3434
5788
8868
1890
6366
1961
2741
6577
6737
3527
1289
6318
1992
8243
7689
4517
5726
107
364
2373
3522
7547
1018
8458
3418
7625
2920
4801
7582
5324
3623
9809
4480
5980
244
8697
4592
2068
540
1860
7364
266
8638
4726
6611
7045
3028
550
6488
819
3185
6579
8436
2436
6116
9628
3576
2640
3707
8645
3390
3266
8924
6218
4914
9099
12
5705
1534
6463
8043
8386
7308
2811
4176
8311
4094
762
7568
3062
4691
4875
4741
7111
3225
17
991
5182
4516
3045
1547
1089
8880
6671
1659
3962
9552
279
8465
9813
9979
7960
7524
1837
82
4568
7749
8765
8460
7621
1610
7974
37
3027
8486
2355
5155
978
4455
6093
4165
964
7261
1646
8938
1440
162
8303
2676
3589
9948
8090
8376
1209
5353
9957
4033
3566
168
9562
5223
7056
1813
1332
7441
2137
771
979
3536
4672
963
224
1285
2643
4440
6960
7922
1223
5676
2508
8332
4187
115
5317
4304
1535
486
6384
5039
6914
4889
7801
9212
7249
1560
3129
9856
4720
1627
8347
5062
2394
6328
1686
5255
2359
4797
764
7024
6868
8279
3038
4724
1058
888
3452
2758
9457
4344
5319
3540
2714
205
82
9987
4188
5383
7410
2409
4757
2306
2435
5422
202
6725
5956
3913
8073
217
5273
3422
725
7351
906
8681
4162
1333
4713
5506
9433
245
3390
5395
7958
9183
3365
8863
473
9390
3258
2589
3705
819
2122
1032
9763
9122
6877
7271
647
6688
6352
3233
8292
2177
3190
3167
5979
6468
5691
672
6494
6074
5674
4806
6561
5663
257
7967
9438
2177
3471
5608
6831
3472
1699
8400
3748
2098
1418
6241
8554
2439
2039
929
8954
6727
1996
3025
5604
9413
4345
5706
5959
6617
9741
8209
3680
1353
2945
808
490
3500
247
9641
351
5272
4394
4577
4245
8713
6898
3677
7801
6566
3889
9148
9442
9019
7419
5417
3665
2385
4215
4437
8022
2430
2172
8846
3658
1121
7573
7918
3339
6969
8849
1679
4242
9435
1118
4746
622
6477
6691
9832
3761
7869
8257
939
2770
3384
1341
2734
7357
2838
8327
2008
3631
6956
6921
4944
8999
6844
306
4905
2562
3098
1668
8056
6990
2302
6337
5602
3764
4851
9523
3880
6739
9461
3460
7310
1145
9798
5933
3902
1131
415
7427
9516
996
6972
3211
2810
3797
7268
6728
7562
1820
9845
2690
3816
4101
4304
7804
7610
5716
4412
4897
5807
8385
9993
1473
5335
2894
7773
9286
2199
2956
7837
3294
3887
5788
6080
4582
9726
6637
3316
5128
1677
8590
7031
9452
8330
9984
4893
7665
3090
8851
5229
1044
8795
187
1633
7110
7912
9179
9596
6844
274
673
8540
7736
3862
1967
3878
5597
4882
8486
7750
6415
1487
2438
1950
1709
950
7169
8509
4119
2625
7430
5105
8080
9989
1961
9349
3659
824
2624
5718
6169
3115
7450
6245
7994
2859
2845
8608
861
7774
8733
2138
3616
1459
8013
3422
5605
8890
8239
228
2904
9475
8795
1222
9654
9237
3005
4624
1658
9853
8934
7241
5685
9214
2735
266
5243
5144
8069
341
7834
1766
3114
575
7657
8186
366
3731
4920
501
4542
8897
4696
8427
9011
1086
7960
8230
752
9638
863
4734
9754
7991
5976
8897
7369
3159
6101
535
9557
9048
792
4870
9834
7727
9889
4482
6861
5887
6871
1906
9894
2375
585
5853
1892
4322
6370
210
4072
8537
4669
1913
5634
9927
9131
9725
238
4836
6952
1534
1558
9209
8982
589
5724
9739
3108
673
1631
3448
1122
7976
5674
8859
7798
7162
9644
2991
902
7436
2822
4344
5558
5160
8136
2523
404
989
6899
6133
2153
9432
7488
7199
9566
6571
1122
6432
9861
6500
4980
7288
9110
1449
9451
6083
2712
2227
9379
2090
375
4547
4217
3801
778
1983
4880
2372
7578
4000
4653
2040
3246
8406
6143
1977
8567
6142
8870
7817
2425
6857
339
1695
6287
3105
3439
7710
8852
9864
5632
6976
548
2203
2870
8794
658
6346
6487
8039
1112
8142
3828
6159
2190
619
2006
454
1721
7709
6336
3049
439
8587
2904
5957
2464
513
3292
68
1063
3312
1231
7323
596
3979
7625
4079
8549
1800
3337
2553
6583
6084
3148
6149
4872
5625
6967
689
5312
5613
6545
8953
93
4731
5874
3506
9634
9872
8760
3028
48
8715
4669
8060
4396
6562
2143
6484
3040
4207
8001
7093
979
5298
898
5260
783
1568
9980
5827
93
3
3058
